0.040327237200214610668425052608654 0.12278278794400901419159310989926 0.75336679760067648548016450149589 0.48589264950382299312892087073124 0.59877329519896815845925175381126 0.27296020689455907648479637828132 0.077220670292698398440300877609843 
0.70487554545201247524488508133800 0.66803166092566801381735785980709 0.93374506319600225623389633256011 0.40004872253179868391015361339669 0.56007964195030923715279413954704 0.86155599753846368038523451104993 0.051839026632911670844361395893429 
0.065391967314689075640998794369807 0.51544213015544249056887338156230 0.66881797685440069756168668391183 0.013800831817421173666748934749648 0.40345078155735436542528304926236 0.076441583710042185217936605567957 0.42255989603931537468284318492806 
0.69033133595107776248056552503840 0.58557271849108838424058376403991 0.92895735242858734626025807301630 0.84836334345863895212147554047988 0.53418021400743187498960651282687 0.097062580877056131578584086128103 0.65619784679959247686298340340727 
0.44418504790894874911799661276746 0.66927190577630735202063760880264 0.90320811932084954509747376505402 0.77749700900321105923040931884316 0.31280461866543540772056530840928 0.074920793296268800576243052091741 0.74946837616476513765917388809612 
0.37745629323454804593396261225280 0.58584600667422814801454933331115 0.74674272846460298946880129733472 1.0196545809628099199528605822707 0.45085746591602254840225327825465 0.29801604877063048171237369388109 1.0092488141981126315016581429518 
0.74138149102170669557665405591251 0.73971759119699898032962437355309 0.64997804291169136714501064489014 0.083441145276141284736759473616985 0.66182645410806673069714634038974 0.90372320846258213933310798893217 0.28342945600104441083999518014025 
0.52527268091203138666855920746457 0.70265297723342645674904360930668 0.46609577286140607688125214735919 0.29098256094524788117894331662683 0.42260208121036774153722603841743 0.45595055236878573312608864398499 0.21855714501420023254674163126765 
0.49475635024821967844488312948670 0.89249577783896849592082389790448 0.90849232441203098264992377153249 0.065291299393559820707366725400789 0.91762738353744999209027355391299 0.51301917909474648027412513329182 0.52122068388821640727570638773614 
0.33743604257441928151450838413439 0.96369767766148084486843572449288 0.49028509744871712205949165763741 0.27563301948916379968679279954813 0.12200160468371373800877677240351 0.96299764951366484400097078832914 0.081245318052391837793102524756250 
0.51284425105967779145998974854592 0.38120783073241110150419785895792 0.27737121692204996792341376021795 0.92201405446533735155156819018885 0.54834309338095688080016998355859 0.47912673244491049695525930474105 0.95041080120877574621829353418434 
0.058993963947372031475513409759515 0.74095099095594507687678742513526 0.76551772593166433900080392049858 0.83094444923013943693490546138491 0.14278822285260087121550043320894 0.020344168050819795567907277700215 0.68932853191646226154176702038967 
0.86980339291533914636289637201116 0.63253612414448567857760963306646 0.73693131959347635273616106132977 0.72696856366900497459226926366682 1.0011393110542392559381141836639 0.89182969814517132345343952692929 0.23543824027336382465058761681576 
0.31155544463314571723699941685481 0.35102972629669165760546434285061 0.51357158702325289567625077324919 0.59472736225762246053960780045600 0.85379565712620431039425739072612 0.41886614845209263480185768457886 0.84571171987641191591933420568239 
0.29427797550065781795325392522500 0.39616138727670052732676708728832 0.53332927336777813387413971213391 0.48262944918090738832816555259342 0.32940598301768397870858962050988 0.20536733771069498599715075215499 0.16775558019442310397906226171472 
0.57850624575041520447626908207894 0.79442879045957426331625583770801 0.032602236684280062883889428348994 0.53748352117463948918185678849113 0.50844485174799980420345946185989 0.95877879799591703147143562091514 0.75054905262714211033880928880535 
0.56782920121292090875897429214092 0.85885129639974600035401408604230 0.61665800978998219772364564050804 0.84695986862307004461314363652491 0.18769510676176576202678347726760 0.22082509735664782035691189321369 0.71624134100433878291624978373875 
0.10428976184130930859872421478940 0.11727074936268798432958959665484 0.28205933074929873116687417677895 -0.012094081116956022572961337857578 0.36592481811607630026728088523669 -0.0038935791503840961116922336771040 0.69613775582870418556780123253702 
0.93304146753943928427332821229356 0.24509172814004659413100739584479 0.18152320037912070271879372285184 0.31489850893887499916345973360876 0.87907204542809036507122755210730 0.64796574413406371473200806576642 0.14807590883639093481960458120739 
0.68691767028538197603637627253192 0.36788300076273383609759548562579 0.38480194710873355523617078688403 0.50043453816754934759813977507292 0.15757210069620139480939258191938 0.58447072156441626233913666510489 0.84349523927999148220635561301606 
0.59087553415877080986717828636756 0.95242459727316530759821944229770 0.55547964828942353321394875820260 0.14817931592786195982291985728807 0.98503980285820558204790131640038 0.40845833237093759349178867523733 0.14141542671032267253217185043468 
0.56450393344793992067565113757155 0.25342344550663814528590478403203 0.48858982656761124063748980006494 0.46400267148272206219061786214297 0.96053210242163633569845160309342 0.12638572663455505118434984979103 0.19994718668772529235333479391556 
0.32319369900427064035142166176229 0.62746182145950191166861031888402 0.12698589327525164338617003068066 0.65348356642795368820486601180164 0.62693932485193692993874492458417 0.80619345101685979670946835540235 0.24992259956822940325515958193137 
0.48181922099148072335950132583093 0.38717255310547549207456086151069 0.20436892997392869242290203146695 0.030803151231533654197392024798319 0.90726178202593810162568388477666 0.42849835851147660692461727194313 0.14431026031574256673906120340689 
0.95186332438624021712314515752951 0.40471834738118395158323892246699 0.12980272105630283330235386074492 0.88789731933948456976679608487757 0.10021315907276520662527730110014 0.16627171590041842086371559616964 0.072874717892228921267694374819257 
0.36731976160600771086350846417190 0.24980126384290604613092057206813 0.13476155582093948814836892324820 0.78400186524453974179493798146723 0.45863894077043404484683719601890 0.35040727377131203335025588785356 0.45278734268822856678937682772812 
0.76820403908096424050455652832170 0.94715625597679475866641496395459 0.65438434902851250196675891857012 0.18853755445032746584921312660299 0.61384668364510819316137713030912 0.85966130226782666579055103284190 0.22160457407542391572441431435436 
0.80985853127048035293711336635170 0.49946673836256638701058818696765 0.50916228484531744769014949270058 0.56863691613291311721667398160207 0.73638505919275065725315698728082 0.69896581388727696548812673427165 0.42956864138052619495056205778383 
0.91796631889753099731166230412782 0.64741401209667492899768603820121 0.44100713942478264595337122955243 0.80313458889799360651551296541584 0.63492871248206184109363903189660 0.66153212598517618925342276270385 0.96455686983910926546315067753312 
0.94770728016163330309495904657524 0.85120118455840987348182125060703 0.28895899660847895740189983371238 0.53273081888621631740932116372278 0.50438901425980187109843200232717 0.094490001231910827894644455682283 0.40867723186545684699311209442385 
0.57657264992074908072083871957147 0.87594832091712837573993510886794 0.44090432343970242801134418186848 0.72921641764219846670869173976826 0.86735838412200094715842624282232 0.71255093224362220372114506972139 0.79950419982102571836435345176142 
0.70757633964308785934349543822464 0.73921766410058353802270403321018 0.019156620136399987730513316819270 0.88651054393820383214830371798598 0.52688114913312122933319869844127 0.46325489816944837029311088372197 0.065205779876172223485930601327709 
0.71513970836651130635885920128203 0.48593322559001844718196139183419 0.66693697342191549104484238341684 0.68297278434264263591302324130083 0.20301530310952781155364732512680 0.91790248243798855387609592071385 0.86619687209142959272156758743222 
0.88989359212450180880438210806460 0.54526482908413087535848262632499 0.13862532310561900827927672708029 0.45065327782588765481719406125194 0.99036425060903865436046089598676 0.21759826909785626170013017599558 0.44675697878496112291912822911399 
0.32494931778371982655784222515649 0.49483179125886117555310761417786 0.87608789217562366147262764570769 0.44377204141217335697788826109900 0.48776304998297376203097996949509 0.81426362221456116685658344067633 0.36676191399828311778819056598877 
0.19325297274419378501519872770587 0.99965290108775572974764145328663 0.15348024661616935238050984935398 0.61772273813505884643149101975723 0.58858447685870929344531532478868 -0.025374063064853801668929733637015 -0.014336406296098103824165903574794 
0.73184109592083934625605934343184 0.76007770794035767192298180816579 0.32798808295264336720720166340470 0.39176817021030069243536786416371 0.60764487482099394100032441201620 0.62803245648685013247103370304103 0.17860206255152871746005871500529 
0.79114165233058675319455232965993 0.70591216272098888939723337898613 0.82321682857376854425268675186089 0.061228551836405291364240355278525 0.014638437951050417909493184254188 0.70398154030012560777862518079928 0.59139648704343117380233252333710 
0.17747788117049506650957368947275 0.26516145900572135607475843244174 0.094747350568560290140496249478019 0.36980691121768727303020796171040 0.88234057361786821793714352679672 0.90976647391782217155764556082431 0.37389200400724836859112087950052 
0.26902264206414644442943995272799 0.69492270128045874333366782593657 0.28556860566513031507440700806910 0.77591952652040407922839904131251 0.78025448367694705265051879905513 0.41781912101231166722925536305411 0.28056494349825461531722226027341 
0.18990972895747879056749241044599 0.023147451904215625428928859719235 0.19161897413891920693984616264061 0.98181270611112947399590211716713 0.23845718432166149169937341412151 0.82092626119697176267919758174685 0.13680353351288043750599854320171 
0.40518102681021078703693660827412 0.59116059920154950813042660229257 0.17762822933395414071178208814672 0.83033608919175871942996991492691 0.16523822104724633641481545964780 0.98497897952998991755180213658605 0.25671187334675804603278947979561 
0.23947339462729899661752597239683 0.10750163530116615961951254121232 0.21921180820907690267596024114027 0.64019850144160628246936539653689 0.70647079236618215425380640226649 0.80790480902297556742297501841676 0.70353174682740626799670735636028 
0.83694391626028941111314907175256 0.61173737071411471433179940504488 0.61956680535850872093561747533386 0.10689791981307825152747170704970 0.74193457796968753648059191618813 0.32387391963142037054623756375804 0.36951276966040624838427675058483 
0.70392508117861274374860158786760 0.12171121897623821128675558611576 0.76176120662124102711487694250536 0.53019596651443623436250618397025 0.56228806234224470994575995064224 0.59916037160536572692137724516215 0.33533285624191644380687193915946 
0.011619739657491339607231495278938 0.0010451941271412696753823068362976 -0.010725764768009357977285311847027 0.0059073426333956383441070592255073 0.0012510642162552982562667702737258 0.014309584422721467397709993463195 -0.0043129180215247036808690062059668 